1676 11666666.

1276 11666 11666. . . . . . .

1276 ...........

1276 1661 6.

1176 November.

1276 December.

1276661277. . . . . . .

· 491

666 6166666166 666 (16661166 666 clementie,
666 1666116611. 11666116, 66 6666666666 6. 666

11. 1666161666 6661166666 66161 dem 11. 1166611
en, 6666 66 116 6161666666166666 6666 616
66616616 11616616 666 666166 6161616666 66 661-
666611666116616611616666666616666 . 6. 606

6666166661 Friedrich 666 66166666 66611161 vom
K. 1166611 166661166666616616 66666 016166
6. 667

11. 1166611 66611616166661 666 666 6666161166
116661 16666666 1 ........ 6. 292

16666666 1. 61116166611. 1166611, dem von ihm
zum 11166661 666 166666 6666666166 (1666666
6666666666 6166636666 66 1666166666 6. 116

16666666 1, 1666661 666 11. 1166611661, dem 1166-
6166661 61661616 von 6616 gegen 666 1166166
wilhelm 11. 6661611166 6666616666 . 6. 116

11. 1166611 1666661 666 Herzog Heinrich 666
1161666 661, 666 mit 6616666 1166666 Ludwig
geeehloeeene 66666166 66166661 66 66661166

6. 676

66616166666 11666666 666 66611616 6666661661
6666 11. 1166611 66161666 gegen den 11. 016166
666 11666666 ......... 6, 626

11166661116666666 von 666166 66166661 dem 11.
1166611 66166 666616 666 6616661611 6166 661·
nem 116166116 ......... 6. 616

6666166661 Friedrich von Salzburg 166111 dem
Papste 166666 XXI. mit, 6666 0161666 6166
6661166 6666661666661166166 66166666166
6666 ............ 6. 629

1166161 Friedrich von 6666166 166611 616 61166-
61166 66611666, 6666 6166166 in 16666 61666666-

166666 666 616 6661666666 nn 6166 66616666
haben ..... · ...... 6. 619

v 11. 1166611 1166616161 616666 1666666166 (61616-

6666 666 116661) 616 61661 16 666 11666663,
6666 616 6616661666166, 6666 66666 161661111-
gang Reiehegut 66 ven-geben er 6166 6161166
6666616666, 1666616611116666 6666 gehen
werden ........... 6. 266

” 11. 1166611 66611 dem Adel Ungame fiir 616 dem

11. 1666161666 666 Uagam und 666666 1166666
Andreae gewehrte Untentfitzung. . 6666

 

